0
fyi
115
1
10
13
0
115
1
10
14
0


1426822125
0
cs2103
115
2
20
8
10
115
2
20
11
30


1426824704
0
hello
115
2
21
0
0
115
2
21
23
59


1426825015
0
oioioi
115
2
21
2
0
115
2
21
3
0


1426922122
0
heyheyheyheyhey
115
2
21
8
0
115
2
21
9
0


1426922134
0
hey
115
1
20
0
0
115
1
20
23
59


1426922776
0
test1
115
2
22
0
0
115
2
22
23
59


1426922942
0
hey
115
2
21
22
0
115
2
21
23
0


1426924471
0
hello
115
2
21
22
0
115
2
21
23
0


1426924523
0
hello
115
2
21
9
0
115
2
21
10
0


1426924549
0
hello2
115
2
21
10
0
115
2
21
11
0


1426924555
0
hello4
115
2
21
17
0
115
2
21
18
0


1426924566
0
oioi
115
2
21
10
0
115
2
21
11
0


1426924575
0
oi
115
2
21
0
0
115
2
21
23
59


1426924609
0
party
115
3
24
0
0
115
1
10
23
59


1426925589
0
party
115
3
25
0
0
115
3
25
23
59


1426925620
0
hello
115
3
3
15
0
115
3
3
18
0


1426925959
0
hello
115
2
27
0
0
115
2
27
23
59


1426950717
0
hello
115
3
3
0
0
115
3
3
23
59


1426950723
0
hey
115
2
27
0
0
115
2
27
23
59


1426950745
0
yo
115
3
3
0
0
115
3
3
23
59


1426950757
0
test2
115
2
27
0
0
115
2
27
23
59


1426953702
0
test2
115
2
23
0
0
115
2
23
23
59


1426953718
0
vrvwever
115
2
27
0
0
115
2
27
23
59


1426954264
0
lll
115
2
27
0
0
115
2
27
23
59


1426954408
0
test3
115
2
23
0
0
115
2
23
23
59


1426958256
0
test4
115
2
24
0
0
115
2
24
23
59


1426958262
0
test5
115
2
25
0
0
115
2
25
23
59


1426958266
0
test6
115
2
28
0
0
115
2
28
23
59


1426958275
0
oi
115
2
29
0
0
115
2
29
23
59


1426958280
1
hey












1426822523
1
hehey












1426922049
1
hellohello












1426922071
1
hey












1426950956
1
oioioi












1426953782
1
hey












1426953852
1
hey












1426954248
1
buivbrwer












1426958093
1
motherfuker












1427013328
